2019-08-19,0,A,B,100,4,101,101,97,97,101,97,93,84,84,81,81,87,87,87,87,90,90,90,90,87,76,87,93,100,1575,1076,737,727,1200,2935,5682,5791,5551,5202,4895,4681,3590,4687,4723,4501,4492,4573,4249,3682,3304,3481,2836,2167
2019-08-19,0,B,A,100,4,100,100,96,96,96,93,93,83,86,89,39,22,39,40,86,49,67,43,20,40,78,83,93,98,1870,1408,1049,1102,1476,2859,4378,5244,4574,4700,4697,4545,4701,4893,5725,5605,5640,5740,4840,4237,4584,4796,3950,2839
2019-08-19,0,B,C,46,4,104,104,101,102,102,103,98,87,87,84,81,87,93,90,90,90,92,93,96,94,83,85,97,103,1311,978,687,684,1105,2452,4850,4890,4809,4995,4827,4510,3470,4321,4302,4264,4281,4442,3675,2754,2542,2886,2372,1735
2019-08-19,0,C,B,46,4,100,97,96,94,91,92,96,93,94,92,80,69,80,80,87,79,85,80,59,85,76,85,94,97,0,0,0,0,0,0,0,247,267,308,333,343,348,351,387,437,419,574,505,407,417,0,0,0
2019-08-19,0,C,D,89,4,100,100,98,98,101,101,96,58,65,62,42,76,88,85,87,89,91,92,96,95,91,94,99,102,0,0,0,0,0,0,0,643,516,487,463,357,339,413,384,373,367,372,316,307,254,0,0,0
2019-08-19,0,E,F,37,4,99,99,95,87,86,89,91,85,80,81,82,86,67,73,68,74,78,74,76,80,76,85,89,94,0,0,0,0,0,0,0,505,533,457,479,422,395,447,413,540,565,778,839,615,523,0,0,0
2019-08-19,0,G,H,78,4,97,95,94,84,84,87,89,61,54,52,59,84,45,46,78,67,45,43,58,70,78,85,91,95,0,0,0,0,0,0,0,603,436,431,445,404,457,462,444,488,515,742,639,549,482,0,0,0
2019-08-19,0,H,G,78,4,103,106,101,101,104,101,90,64,63,71,52,49,63,49,76,56,50,73,61,35,62,90,98,102,0,0,0,0,0,0,0,680,533,454,452,402,427,450,428,410,459,432,473,537,466,0,0,0
2019-08-19,0,D,C,89,4,82,85,84,83,83,86,101,99,101,96,93,93,88,89,79,47,48,57,56,91,86,95,94,88,0,0,0,0,0,0,0,249,269,320,375,378,391,371,422,476,411,588,545,446,427,0,0,0
2019-08-19,0,F,E,37,4,102,103,98,98,100,96,87,84,86,81,77,85,45,50,85,85,88,89,81,80,77,86,91,98,0,0,0,0,0,0,0,722,516,471,445,369,407,395,391,409,463,414,501,432,457,0,0,0
2019-08-19,0,C,I,68,4,101,100,101,97,96,103,102,76,74,83,81,87,39,40,86,90,67,43,96,94,78,87,93,98,1575,1408,687,727,1476,2452,2414,5634,4464,5073,4895,4510,4701,4893,5725,4501,5640,5740,3675,2754,4584,3481,3950,2839
2019-08-19,0,I,C,68,4,99,99,98,98,98,98,99,99,99,99,99,99,98,91,97,98,98,99,99,99,99,99,98,99,225,157,123,114,162,249,418,588,708,858,1016,1098,1194,1374,1799,1792,1696,1386,1023,1045,873,764,548,355
2019-08-19,0,I,E,48,4,97,96,95,94,100,105,102,100,100,95,95,95,95,95,95,95,95,95,95,95,100,100,100,100,1317,927,678,739,1060,1883,2414,2792,3071,3388,3873,3983,4176,4343,5031,5234,4846,4901,4792,4013,3759,3488,2747,2081
2019-08-19,0,E,I,48,4,97,96,95,94,100,104,101,76,82,79,61,78,92,91,92,94,96,96,100,99,96,99,102,104,1186,966,709,718,1077,2334,4430,5634,5909,5453,5707,5341,4061,4817,4673,4631,4522,4564,3841,3002,2810,2815,2292,1756
2019-08-19,0,I,H,56,4,103,107,100,100,102,98,85,72,74,76,61,60,43,44,80,69,65,80,68,38,69,87,93,99,1945,1210,886,800,1286,3616,5794,4723,4464,4676,4985,4117,3107,4020,4196,4272,4143,4143,4880,4005,3291,3943,3525,2714
2019-08-19,0,H,I,56,4,103,103,97,88,90,92,93,81,82,83,75,91,57,60,65,73,69,66,75,81,83,89,93,98,1652,1223,887,867,1208,2682,4580,5107,5379,5073,4372,3677,3297,4631,4610,4847,5219,5396,4588,4055,3924,4284,3380,2321
